110.000000
138.000000
117.000000
82.000000
101.000000
109.000000
116.000000
112.000000
100.000000
115.000000
112.000000
82.000000
109.000000
87.000000
105.000000
102.000000
131.000000
110.000000
109.000000
108.000000
116.000000
97.000000
112.000000
84.000000
121.000000
119.000000
102.000000
121.000000
123.000000
112.000000
113.000000
107.000000
114.000000
98.000000
96.000000
109.000000
134.000000
102.000000
101.000000
128.000000
107.000000
111.000000
118.000000
132.000000
99.000000
119.000000
112.000000
144.000000
125.000000
118.000000
92.000000
97.000000
130.000000
114.000000
125.000000
112.000000
94.000000
106.000000
124.000000
90.000000
131.000000
115.000000
92.000000
111.000000
97.000000
111.000000
101.000000
120.000000
99.000000
129.000000
115.000000
137.000000
108.000000
119.000000
116.000000
79.000000
118.000000
115.000000
115.000000
113.000000
123.000000
96.000000
99.000000
110.000000
110.000000
101.000000
94.000000
123.000000
89.000000
101.000000
110.000000
119.000000
129.000000
102.000000
133.000000
104.000000
99.000000
85.000000
79.000000
118.000000
