158.000000
178.000000
183.000000
175.000000
135.000000
147.000000
152.000000
188.000000
166.000000
159.000000
148.000000
184.000000
177.000000
165.000000
161.000000
165.000000
160.000000
176.000000
139.000000
156.000000
181.000000
160.000000
174.000000
160.000000
148.000000
177.000000
166.000000
176.000000
173.000000
176.000000
168.000000
180.000000
167.000000
155.000000
162.000000
158.000000
166.000000
167.000000
169.000000
161.000000
165.000000
182.000000
176.000000
163.000000
170.000000
151.000000
170.000000
148.000000
162.000000
157.000000
162.000000
162.000000
182.000000
177.000000
158.000000
172.000000
166.000000
150.000000
158.000000
180.000000
173.000000
169.000000
149.000000
182.000000
157.000000
172.000000
174.000000
182.000000
160.000000
125.000000
159.000000
144.000000
177.000000
175.000000
188.000000
157.000000
201.000000
178.000000
172.000000
183.000000
159.000000
190.000000
171.000000
180.000000
177.000000
182.000000
158.000000
156.000000
179.000000
155.000000
196.000000
157.000000
169.000000
170.000000
150.000000
165.000000
184.000000
186.000000
172.000000
183.000000
