118.000000
127.000000
140.000000
116.000000
113.000000
71.000000
123.000000
140.000000
119.000000
126.000000
103.000000
133.000000
119.000000
127.000000
111.000000
129.000000
135.000000
128.000000
129.000000
121.000000
120.000000
143.000000
104.000000
140.000000
137.000000
132.000000
132.000000
134.000000
117.000000
107.000000
124.000000
113.000000
125.000000
136.000000
124.000000
141.000000
132.000000
130.000000
125.000000
132.000000
115.000000
122.000000
112.000000
140.000000
116.000000
116.000000
118.000000
104.000000
107.000000
115.000000
115.000000
144.000000
143.000000
125.000000
124.000000
131.000000
110.000000
118.000000
126.000000
133.000000
112.000000
137.000000
128.000000
92.000000
136.000000
112.000000
116.000000
119.000000
130.000000
116.000000
143.000000
122.000000
92.000000
138.000000
105.000000
123.000000
112.000000
120.000000
112.000000
112.000000
120.000000
125.000000
135.000000
132.000000
125.000000
109.000000
123.000000
93.000000
129.000000
120.000000
87.000000
122.000000
113.000000
135.000000
110.000000
139.000000
119.000000
139.000000
156.000000
116.000000
