103.000000
83.000000
90.000000
77.000000
53.000000
72.000000
87.000000
87.000000
95.000000
98.000000
85.000000
78.000000
58.000000
96.000000
77.000000
62.000000
75.000000
48.000000
89.000000
93.000000
67.000000
67.000000
86.000000
69.000000
80.000000
85.000000
95.000000
107.000000
74.000000
74.000000
73.000000
80.000000
93.000000
88.000000
66.000000
87.000000
74.000000
101.000000
78.000000
90.000000
51.000000
87.000000
77.000000
76.000000
86.000000
76.000000
80.000000
94.000000
80.000000
92.000000
59.000000
71.000000
68.000000
98.000000
70.000000
65.000000
75.000000
70.000000
71.000000
85.000000
73.000000
81.000000
47.000000
68.000000
59.000000
96.000000
70.000000
80.000000
98.000000
102.000000
89.000000
65.000000
79.000000
92.000000
83.000000
84.000000
71.000000
72.000000
93.000000
81.000000
92.000000
78.000000
67.000000
97.000000
76.000000
80.000000
97.000000
106.000000
81.000000
93.000000
72.000000
79.000000
78.000000
77.000000
79.000000
90.000000
71.000000
76.000000
91.000000
92.000000
