176.000000
166.000000
153.000000
128.000000
149.000000
173.000000
164.000000
158.000000
175.000000
151.000000
169.000000
189.000000
193.000000
172.000000
166.000000
172.000000
158.000000
187.000000
179.000000
171.000000
184.000000
171.000000
174.000000
153.000000
158.000000
131.000000
166.000000
178.000000
174.000000
146.000000
166.000000
166.000000
162.000000
143.000000
179.000000
181.000000
174.000000
163.000000
147.000000
169.000000
161.000000
162.000000
176.000000
193.000000
155.000000
173.000000
144.000000
179.000000
185.000000
167.000000
151.000000
167.000000
180.000000
165.000000
145.000000
165.000000
150.000000
159.000000
164.000000
162.000000
161.000000
162.000000
162.000000
172.000000
182.000000
182.000000
157.000000
179.000000
159.000000
141.000000
152.000000
150.000000
157.000000
147.000000
191.000000
171.000000
169.000000
178.000000
157.000000
158.000000
142.000000
200.000000
199.000000
168.000000
157.000000
140.000000
158.000000
169.000000
149.000000
160.000000
157.000000
163.000000
146.000000
180.000000
135.000000
168.000000
149.000000
167.000000
180.000000
169.000000
