90.000000
96.000000
97.000000
99.000000
92.000000
91.000000
90.000000
96.000000
101.000000
81.000000
99.000000
101.000000
93.000000
88.000000
99.000000
82.000000
85.000000
95.000000
88.000000
93.000000
97.000000
88.000000
80.000000
81.000000
106.000000
94.000000
103.000000
80.000000
90.000000
90.000000
95.000000
96.000000
99.000000
88.000000
93.000000
87.000000
109.000000
80.000000
91.000000
90.000000
92.000000
90.000000
97.000000
94.000000
96.000000
96.000000
103.000000
99.000000
86.000000
86.000000
87.000000
98.000000
92.000000
105.000000
90.000000
104.000000
83.000000
96.000000
86.000000
101.000000
95.000000
93.000000
95.000000
80.000000
100.000000
87.000000
94.000000
98.000000
94.000000
95.000000
101.000000
97.000000
86.000000
97.000000
92.000000
87.000000
86.000000
92.000000
86.000000
96.000000
93.000000
97.000000
95.000000
83.000000
100.000000
89.000000
87.000000
97.000000
83.000000
80.000000
94.000000
90.000000
97.000000
89.000000
95.000000
103.000000
81.000000
80.000000
88.000000
77.000000
1800.000000, 130.000000
1800.000000, 125.000000
1800.000000, 113.000000
1800.000000, 120.000000
1800.000000, 121.000000
1800.000000, 138.000000
1800.000000, 143.000000
1800.000000, 109.000000
1800.000000, 128.000000
1800.000000, 135.000000
1800.000000, 135.000000
1800.000000, 130.000000
1800.000000, 119.000000
1800.000000, 114.000000
1800.000000, 127.000000
1800.000000, 108.000000
1800.000000, 125.000000
1800.000000, 134.000000
1800.000000, 127.000000
1800.000000, 106.000000
1800.000000, 129.000000
1800.000000, 136.000000
1800.000000, 138.000000
1800.000000, 131.000000
1800.000000, 115.000000
