67.000000
93.000000
92.000000
75.000000
80.000000
74.000000
84.000000
58.000000
53.000000
82.000000
85.000000
60.000000
68.000000
79.000000
88.000000
82.000000
70.000000
78.000000
84.000000
84.000000
80.000000
107.000000
90.000000
79.000000
94.000000
109.000000
69.000000
76.000000
78.000000
67.000000
70.000000
97.000000
117.000000
83.000000
87.000000
69.000000
72.000000
97.000000
92.000000
66.000000
77.000000
73.000000
84.000000
75.000000
79.000000
75.000000
68.000000
88.000000
73.000000
100.000000
83.000000
90.000000
71.000000
83.000000
74.000000
92.000000
81.000000
77.000000
88.000000
75.000000
87.000000
95.000000
94.000000
65.000000
100.000000
73.000000
80.000000
70.000000
71.000000
103.000000
91.000000
91.000000
61.000000
101.000000
107.000000
82.000000
88.000000
84.000000
88.000000
113.000000
92.000000
81.000000
99.000000
110.000000
100.000000
92.000000
87.000000
74.000000
84.000000
77.000000
66.000000
90.000000
80.000000
89.000000
78.000000
71.000000
82.000000
75.000000
115.000000
112.000000
